Target = TOI5997
Date_Obs [UT] = 2023-06-06
Telescope = Palomar-5m
Instrument = PHARO
Filter = Brgamma
Pixel_Scale [arsec/pix] = 0.025
PSF_FWHM [arcsec] = 0.0958273
PI: Ciardi
arcsec, dmag, dmrms
0.000, 0.000, 0.000
0.111, 2.067, 0.659
0.198, 3.110, 0.187
0.292, 5.327, 0.422
0.386, 6.542, 0.246
0.482, 6.901, 0.287
0.577, 7.267, 0.277
0.672, 7.238, 0.265
0.768, 7.609, 0.342
0.863, 7.702, 0.406
0.960, 7.757, 0.230
1.055, 7.874, 0.273
1.151, 8.066, 0.296
1.246, 8.132, 0.162
1.342, 8.131, 0.161
1.438, 8.217, 0.181
1.534, 8.260, 0.113
1.630, 8.276, 0.121
1.726, 8.270, 0.087
1.821, 8.306, 0.090
1.917, 8.330, 0.081
2.013, 8.318, 0.070
2.109, 8.345, 0.059
2.205, 8.336, 0.033
2.300, 8.362, 0.055
2.396, 8.352, 0.055
2.492, 8.371, 0.050
2.588, 8.365, 0.040
2.684, 8.395, 0.037
2.780, 8.390, 0.045
2.875, 8.366, 0.045
2.971, 8.394, 0.047
3.067, 8.402, 0.041
3.163, 8.388, 0.049
3.258, 8.404, 0.044
3.355, 8.411, 0.044
3.450, 8.409, 0.044
3.546, 8.412, 0.038
3.642, 8.400, 0.041
3.738, 8.407, 0.035
3.833, 8.419, 0.042
3.929, 8.398, 0.036
4.025, 8.382, 0.036
4.121, 8.410, 0.031
4.217, 8.413, 0.033
4.312, 8.408, 0.039
4.408, 8.412, 0.046
4.504, 8.401, 0.038
4.600, 8.402, 0.032
4.696, 8.414, 0.042
4.792, 8.420, 0.035
4.888, 8.397, 0.038
4.983, 8.416, 0.031
5.079, 8.413, 0.033
5.175, 8.414, 0.046
5.270, 8.421, 0.038
5.367, 8.401, 0.034
5.462, 8.414, 0.044
5.558, 8.422, 0.036
5.654, 8.405, 0.035
5.750, 8.406, 0.034
5.846, 8.416, 0.034
5.941, 8.401, 0.038
6.037, 8.416, 0.035
6.133, 8.421, 0.035
6.229, 8.415, 0.029
6.325, 8.399, 0.034
6.421, 8.415, 0.030
6.517, 8.407, 0.034
6.612, 8.417, 0.039
6.708, 8.400, 0.038
6.804, 8.405, 0.038
6.900, 8.405, 0.036
6.996, 8.414, 0.034
7.091, 8.409, 0.036
7.188, 8.424, 0.038
7.283, 8.397, 0.038
7.379, 8.405, 0.029
7.474, 8.409, 0.033
7.571, 8.388, 0.033
7.666, 8.408, 0.043
7.762, 8.403, 0.042
7.858, 8.407, 0.043
7.954, 8.407, 0.044
8.050, 8.389, 0.048
8.145, 8.401, 0.056
8.241, 8.391, 0.059
8.337, 8.398, 0.069
8.433, 8.376, 0.066
8.529, 8.384, 0.075
8.624, 8.368, 0.065
8.720, 8.387, 0.071
8.816, 8.368, 0.061
8.912, 8.358, 0.074
9.008, 8.373, 0.078
9.104, 8.375, 0.074
9.200, 8.354, 0.064
9.295, 8.351, 0.078
9.391, 8.348, 0.088
9.487, 8.323, 0.074
9.583, 8.336, 0.062
9.679, 8.307, 0.063
9.774, 8.302, 0.069
9.870, 8.320, 0.064
