# objectname: TOI5997
# Telescope: Gemini North
# Date of obs.: 2024-05-23
# camera: b
# wavelength: 562nm
# annulus range&center vs. measured relative mag. limit:
0.050000 0.150000 0.100000 3.993679
0.150000 0.200000 0.175000 5.054210
0.200000 0.250000 0.225000 4.826819
0.250000 0.300000 0.275000 4.943724
0.300000 0.350000 0.325000 5.002996
0.350000 0.400000 0.375000 5.419107
0.400000 0.450000 0.425000 6.031590
0.450000 0.500000 0.475000 6.011654
0.500000 0.550000 0.525000 5.919344
0.550000 0.600000 0.575000 5.938588
0.600000 0.650000 0.625000 6.203220
0.650000 0.700000 0.675000 6.446744
0.700000 0.750000 0.725000 6.663938
0.750000 0.800000 0.775000 6.786894
0.800000 0.850000 0.825000 6.877530
0.850000 0.900000 0.875000 6.984058
0.900000 0.950000 0.925000 7.086390
0.950000 1.000000 0.975000 7.120177
1.000000 1.050000 1.025000 7.081627
1.050000 1.100000 1.075000 7.157837
1.100000 1.150000 1.125000 7.114049
1.150000 1.200000 1.175000 7.149040
# fit of angular separation vs. relative mag. limit:
0.000000 0.000000
0.010000 0.000000
0.017460 0.000000
0.020000 0.133790
0.030000 0.660461
0.040000 1.187131
0.050000 1.713802
0.060000 2.240472
0.070000 2.767143
0.080000 3.293813
0.090000 3.820484
0.100000 4.347154
0.100000 4.347154
0.110000 4.398826
0.120000 4.450953
0.130000 4.503231
0.140000 4.555358
0.150000 4.607029
0.160000 4.657943
0.170000 4.707796
0.180000 4.756248
0.190000 4.802118
0.200000 4.843383
0.210000 4.877986
0.220000 4.903867
0.230000 4.919098
0.240000 4.924765
0.250000 4.924966
0.260000 4.923932
0.270000 4.925891
0.280000 4.934988
0.290000 4.953363
0.300000 4.981157
0.310000 5.018425
0.320000 5.065219
0.330000 5.121567
0.340000 5.186872
0.350000 5.259915
0.360000 5.339450
0.370000 5.424231
0.380000 5.512957
0.390000 5.603058
0.400000 5.690698
0.410000 5.771984
0.420000 5.843024
0.430000 5.900043
0.440000 5.941954
0.450000 5.970359
0.460000 5.986976
0.470000 5.993525
0.480000 5.991744
0.490000 5.983854
0.500000 5.972553
0.510000 5.960562
0.520000 5.950601
0.530000 5.945337
0.540000 5.946201
0.550000 5.953386
0.560000 5.967035
0.570000 5.987288
0.580000 6.014261
0.590000 6.047493
0.600000 6.085947
0.610000 6.128557
0.620000 6.174263
0.630000 6.222005
0.640000 6.270884
0.650000 6.320151
0.660000 6.369067
0.670000 6.416891
0.680000 6.462895
0.690000 6.506652
0.700000 6.548038
0.710000 6.586937
0.720000 6.623238
0.730000 6.656834
0.740000 6.687791
0.750000 6.716344
0.760000 6.742739
0.770000 6.767217
0.780000 6.790026
0.790000 6.811483
0.800000 6.831971
0.810000 6.851879
0.820000 6.871596
0.830000 6.891498
0.840000 6.911711
0.850000 6.932108
0.860000 6.952553
0.870000 6.972908
0.880000 6.993028
0.890000 7.012588
0.900000 7.031079
0.910000 7.047986
0.920000 7.062796
0.930000 7.075012
0.940000 7.084559
0.950000 7.091784
0.960000 7.097054
0.970000 7.100734
0.980000 7.103192
0.990000 7.104828
1.000000 7.106073
1.010000 7.107360
1.020000 7.109122
1.030000 7.111773
1.040000 7.115295
1.050000 7.119236
1.060000 7.123126
1.070000 7.126495
1.080000 7.128892
1.090000 7.130302
1.100000 7.131153
1.110000 7.131888
1.120000 7.132950
1.130000 7.134770
1.140000 7.137419
1.150000 7.140615
1.160000 7.144060
1.170000 7.147455
