# objectname: TOI5997
# Telescope: Gemini North
# Date of obs.: 2024-05-23
# camera: r
# wavelength: 832nm
# annulus range&center vs. measured relative mag. limit:
0.050000 0.150000 0.100000 4.448570
0.150000 0.200000 0.175000 4.966007
0.200000 0.250000 0.225000 5.042781
0.250000 0.300000 0.275000 5.516918
0.300000 0.350000 0.325000 6.135755
0.350000 0.400000 0.375000 6.579582
0.400000 0.450000 0.425000 6.807114
0.450000 0.500000 0.475000 6.962415
0.500000 0.550000 0.525000 7.400027
0.550000 0.600000 0.575000 7.652562
0.600000 0.650000 0.625000 7.963109
0.650000 0.700000 0.675000 8.120392
0.700000 0.750000 0.725000 8.319221
0.750000 0.800000 0.775000 8.642343
0.800000 0.850000 0.825000 8.750900
0.850000 0.900000 0.875000 8.861774
0.900000 0.950000 0.925000 8.946493
0.950000 1.000000 0.975000 9.097054
1.000000 1.050000 1.025000 9.165015
1.050000 1.100000 1.075000 9.170940
1.100000 1.150000 1.125000 9.265739
1.150000 1.200000 1.175000 9.248091
# fit of angular separation vs. relative mag. limit:
0.000000 0.000000
0.010000 0.000000
0.020000 0.000000
0.025848 0.000000
0.030000 0.258757
0.040000 0.881939
0.050000 1.505121
0.060000 2.128304
0.070000 2.751486
0.080000 3.374668
0.090000 3.997850
0.100000 4.621032
0.100000 4.621032
0.110000 4.650946
0.120000 4.678931
0.130000 4.706272
0.140000 4.734257
0.150000 4.764171
0.160000 4.797302
0.170000 4.834935
0.180000 4.878319
0.190000 4.927834
0.200000 4.982992
0.210000 5.043267
0.220000 5.108132
0.230000 5.177091
0.240000 5.250330
0.250000 5.328715
0.260000 5.413147
0.270000 5.504521
0.280000 5.603658
0.290000 5.709550
0.300000 5.819369
0.310000 5.930205
0.320000 6.039149
0.330000 6.143343
0.340000 6.241102
0.350000 6.331913
0.360000 6.415313
0.370000 6.490841
0.380000 6.558078
0.390000 6.617624
0.400000 6.671092
0.410000 6.720141
0.420000 6.766429
0.430000 6.811602
0.440000 6.857011
0.450000 6.903715
0.460000 6.952758
0.470000 7.005184
0.480000 7.061992
0.490000 7.123100
0.500000 7.187346
0.510000 7.253521
0.520000 7.320417
0.530000 7.386845
0.540000 7.452072
0.550000 7.515822
0.560000 7.577842
0.570000 7.637874
0.580000 7.695667
0.590000 7.751054
0.600000 7.803952
0.610000 7.854283
0.620000 7.901967
0.630000 7.946945
0.640000 7.989552
0.650000 8.030528
0.660000 8.070626
0.670000 8.110601
0.680000 8.151196
0.690000 8.192886
0.700000 8.235874
0.710000 8.280354
0.720000 8.326519
0.730000 8.374533
0.740000 8.423855
0.750000 8.473248
0.760000 8.521441
0.770000 8.567164
0.780000 8.609180
0.790000 8.647030
0.800000 8.681029
0.810000 8.711529
0.820000 8.738877
0.830000 8.763432
0.840000 8.785701
0.850000 8.806346
0.860000 8.826034
0.870000 8.845435
0.880000 8.865200
0.890000 8.885667
0.900000 8.906849
0.910000 8.928750
0.920000 8.951372
0.930000 8.974704
0.940000 8.998451
0.950000 9.022036
0.960000 9.044866
0.970000 9.066351
0.980000 9.085915
0.990000 9.103337
1.000000 9.118753
1.010000 9.132314
1.020000 9.144170
1.030000 9.154480
1.040000 9.163574
1.050000 9.171958
1.060000 9.180141
1.070000 9.188635
1.080000 9.197926
1.090000 9.207898
1.100000 9.217833
1.110000 9.226987
1.120000 9.234617
1.130000 9.240010
1.140000 9.243192
1.150000 9.244921
1.160000 9.245991
1.170000 9.247193
