# objectname: TOI678
# Telescope: Gemini South
# Date of obs.: 2020-12-28
# camera: r
# wavelength: 832nm
# annulus range&center vs. measured relative mag. limit:
0.050000 0.150000 0.100000 4.697554
0.150000 0.200000 0.175000 5.107774
0.200000 0.250000 0.225000 5.486181
0.250000 0.300000 0.275000 5.623001
0.300000 0.350000 0.325000 5.995818
0.350000 0.400000 0.375000 6.035263
0.400000 0.450000 0.425000 5.911345
0.450000 0.500000 0.475000 6.179431
0.500000 0.550000 0.525000 6.189077
0.550000 0.600000 0.575000 6.328046
0.600000 0.650000 0.625000 6.393064
0.650000 0.700000 0.675000 6.433348
0.700000 0.750000 0.725000 6.447057
0.750000 0.800000 0.775000 6.485664
0.800000 0.850000 0.825000 6.490509
0.850000 0.900000 0.875000 6.538807
0.900000 0.950000 0.925000 6.613319
0.950000 1.000000 0.975000 6.565449
1.000000 1.050000 1.025000 6.641725
1.050000 1.100000 1.075000 6.710952
1.100000 1.150000 1.125000 6.717467
1.150000 1.200000 1.175000 6.699771
# fit of angular separation vs. relative mag. limit:
0.000000 0.000000
0.010000 0.000000
0.020000 0.000000
0.025848 0.000000
0.030000 0.270698
0.040000 0.922639
0.050000 1.574579
0.060000 2.226519
0.070000 2.878459
0.080000 3.530400
0.090000 4.182340
0.100000 4.834280
0.100000 4.834280
0.110000 4.867490
0.120000 4.897658
0.130000 4.926814
0.140000 4.956982
0.150000 4.990192
0.160000 5.028469
0.170000 5.073841
0.180000 5.128220
0.190000 5.190872
0.200000 5.258420
0.210000 5.327371
0.220000 5.394230
0.230000 5.455619
0.240000 5.510768
0.250000 5.561521
0.260000 5.609832
0.270000 5.657658
0.280000 5.706868
0.290000 5.757330
0.300000 5.806915
0.310000 5.853402
0.320000 5.894575
0.330000 5.928282
0.340000 5.953927
0.350000 5.972463
0.360000 5.984915
0.370000 5.992306
0.380000 5.995678
0.390000 5.996564
0.400000 5.996980
0.410000 5.998966
0.420000 6.004559
0.430000 6.015724
0.440000 6.032671
0.450000 6.053863
0.460000 6.077686
0.470000 6.102525
0.480000 6.126803
0.490000 6.149774
0.500000 6.171528
0.510000 6.192190
0.520000 6.211885
0.530000 6.230738
0.540000 6.248900
0.550000 6.266547
0.560000 6.283853
0.570000 6.300994
0.580000 6.318134
0.590000 6.335128
0.600000 6.351527
0.610000 6.366867
0.620000 6.380686
0.630000 6.392539
0.640000 6.402392
0.650000 6.410623
0.660000 6.417628
0.670000 6.423804
0.680000 6.429538
0.690000 6.435051
0.700000 6.440393
0.710000 6.445607
0.720000 6.450736
0.730000 6.455821
0.740000 6.460854
0.750000 6.465779
0.760000 6.470535
0.770000 6.475063
0.780000 6.479313
0.790000 6.483420
0.800000 6.487706
0.810000 6.492501
0.820000 6.498136
0.830000 6.504929
0.840000 6.512884
0.850000 6.521694
0.860000 6.531039
0.870000 6.540600
0.880000 6.550055
0.890000 6.559086
0.900000 6.567371
0.910000 6.574591
0.920000 6.580426
0.930000 6.584578
0.940000 6.587281
0.950000 6.589297
0.960000 6.591412
0.970000 6.594410
0.980000 6.599055
0.990000 6.605609
1.000000 6.613831
1.010000 6.623459
1.020000 6.634230
1.030000 6.645875
1.040000 6.657966
1.050000 6.669916
1.060000 6.681130
1.070000 6.691015
1.080000 6.698994
1.090000 6.704864
1.100000 6.708798
1.110000 6.710988
1.120000 6.711622
1.130000 6.710893
1.140000 6.709089
1.150000 6.706586
1.160000 6.703765
1.170000 6.701007
