# objectname: TOI678
# Telescope: Gemini South
# Date of obs.: 2020-12-28
# camera: b
# wavelength: 562nm
# annulus range&center vs. measured relative mag. limit:
0.050000 0.150000 0.100000 4.497528
0.150000 0.200000 0.175000 4.837275
0.200000 0.250000 0.225000 4.860800
0.250000 0.300000 0.275000 4.958866
0.300000 0.350000 0.325000 4.863091
0.350000 0.400000 0.375000 4.967293
0.400000 0.450000 0.425000 4.960536
0.450000 0.500000 0.475000 4.942074
0.500000 0.550000 0.525000 5.014814
0.550000 0.600000 0.575000 4.985443
0.600000 0.650000 0.625000 5.040591
0.650000 0.700000 0.675000 5.055819
0.700000 0.750000 0.725000 5.074092
0.750000 0.800000 0.775000 5.076231
0.800000 0.850000 0.825000 5.098338
0.850000 0.900000 0.875000 5.099709
0.900000 0.950000 0.925000 5.060947
0.950000 1.000000 0.975000 5.178713
1.000000 1.050000 1.025000 5.061202
1.050000 1.100000 1.075000 5.155623
1.100000 1.150000 1.125000 5.110623
1.150000 1.200000 1.175000 5.154877
# fit of angular separation vs. relative mag. limit:
0.000000 0.000000
0.010000 0.000000
0.017460 0.000000
0.020000 0.141903
0.030000 0.700511
0.040000 1.259119
0.050000 1.817727
0.060000 2.376334
0.070000 2.934942
0.080000 3.493550
0.090000 4.052158
0.100000 4.610765
0.100000 4.610765
0.110000 4.629844
0.120000 4.648116
0.130000 4.666119
0.140000 4.684392
0.150000 4.703470
0.160000 4.723892
0.170000 4.746195
0.180000 4.770869
0.190000 4.797322
0.200000 4.823880
0.210000 4.848821
0.220000 4.870424
0.230000 4.887024
0.240000 4.898287
0.250000 4.905206
0.260000 4.908834
0.270000 4.910223
0.280000 4.910412
0.290000 4.910171
0.300000 4.910001
0.310000 4.910389
0.320000 4.911824
0.330000 4.914771
0.340000 4.919224
0.350000 4.924700
0.360000 4.930694
0.370000 4.936701
0.380000 4.942230
0.390000 4.947018
0.400000 4.951038
0.410000 4.954272
0.420000 4.956702
0.430000 4.958320
0.440000 4.959349
0.450000 4.960238
0.460000 4.961449
0.470000 4.963441
0.480000 4.966657
0.490000 4.971084
0.500000 4.976258
0.510000 4.981695
0.520000 4.986912
0.530000 4.991441
0.540000 4.995196
0.550000 4.998468
0.560000 5.001569
0.570000 5.004806
0.580000 5.008482
0.590000 5.012707
0.600000 5.017401
0.610000 5.022476
0.620000 5.027844
0.630000 5.033415
0.640000 5.039051
0.650000 5.044564
0.660000 5.049768
0.670000 5.054473
0.680000 5.058499
0.690000 5.061825
0.700000 5.064595
0.710000 5.066956
0.720000 5.069058
0.730000 5.071049
0.740000 5.073043
0.750000 5.075122
0.760000 5.077368
0.770000 5.079860
0.780000 5.082670
0.790000 5.085678
0.800000 5.088567
0.810000 5.091016
0.820000 5.092700
0.830000 5.093312
0.840000 5.092908
0.850000 5.091909
0.860000 5.090753
0.870000 5.089874
0.880000 5.089701
0.890000 5.090444
0.900000 5.092094
0.910000 5.094635
0.920000 5.098049
0.930000 5.102309
0.940000 5.107114
0.950000 5.111892
0.960000 5.116060
0.970000 5.119036
0.980000 5.120261
0.990000 5.119782
1.000000 5.118244
1.010000 5.116321
1.020000 5.114685
1.030000 5.113989
1.040000 5.114423
1.050000 5.115714
1.060000 5.117569
1.070000 5.119695
1.080000 5.121809
1.090000 5.123852
1.100000 5.125993
1.110000 5.128409
1.120000 5.131278
1.130000 5.134767
1.140000 5.138859
1.150000 5.143346
1.160000 5.148012
1.170000 5.152643
