## 13spoc PDCSAP_FLUX tc=1670.8
1668.63472 6793.19287 6716.58057 3.2167 0
1668.65556 6790.75684 6716.44629 3.2289 0
1668.67639 6791.94141 6717.31494 3.2418 0
1668.69722 6793.69531 6718.81396 3.2546 0
1668.71806 6788.99756 6714.78516 3.2669 0
1668.73889 6791.43164 6716.73535 3.2836 0
1668.75972 6784.23096 6709.06982 3.2997 0
1668.78056 6791.05762 6717.73584 3.3195 0
1668.80139 6787.95898 6712.33594 3.3392 0
1668.82222 6790.76465 6716.79980 3.3529 0
1668.84305 6784.78662 6708.33350 3.3644 0
1668.86389 6789.91162 6708.31250 3.3708 0
1668.88472 6790.40625 6716.60986 3.3749 0
1668.90555 6782.97412 6707.18945 3.3718 0
1668.92639 6784.42529 6710.17480 3.3674 0
1668.96805 6783.96875 6706.28564 3.3560 0
1668.98889 6789.52588 6709.36426 3.3550 0
1669.00972 6795.05518 6712.38379 3.3563 0
1669.03055 6787.19189 6703.23096 3.3593 0
1669.05139 6795.09766 6713.05762 3.3648 0
1669.07222 6784.33838 6707.42920 3.3673 0
1669.09305 6785.67432 6706.93652 3.3680 0
1669.13472 6791.02539 6708.91504 3.3705 0
1669.15555 6785.54639 6709.60303 3.3703 0
1669.19722 6788.39355 6709.39893 3.3746 0
1669.21805 6787.43848 6709.51367 3.3744 0
1669.23888 6787.38477 6706.72852 3.3728 0
1669.25972 6791.18457 6711.61426 3.3719 0
1669.28055 6794.98242 6716.12793 3.3697 0
1669.30138 6788.44629 6708.96973 3.3655 0
1669.32222 6793.65039 6715.25977 3.3630 0
1669.34305 6791.52832 6707.75977 3.3599 0
1669.36388 6792.44189 6710.93311 3.3605 0
1669.38471 6795.92578 6710.28320 3.3609 0
1669.40555 6793.31934 6710.05664 3.3607 0
1669.42638 6793.03516 6711.75928 3.3617 0
1669.44721 6790.92383 6710.68652 3.3632 0
1669.46805 6793.12793 6707.34619 3.3662 0
1669.48888 6788.27100 6707.90137 3.3695 0
1669.53055 6798.94336 6714.81641 3.3758 0
1669.55138 6795.53662 6712.25049 3.3773 0
1669.57221 6794.29346 6709.02197 3.3770 0
1669.59305 6802.74121 6713.28760 3.3747 0
1669.61388 6793.29053 6706.72998 3.3698 0
1669.63471 6793.17773 6710.19873 3.3654 0
1669.65554 6793.11963 6710.39648 3.3595 0
1669.67638 6797.42480 6709.11963 3.3519 0
1669.69721 6796.11230 6709.41309 3.3453 0
1669.71804 6798.83154 6709.15381 3.3391 0
1669.73888 6801.08740 6713.97607 3.3359 0
1669.75971 6799.05859 6712.35889 3.3330 0
1669.78054 6802.42432 6716.23389 3.3323 0
1669.80138 6796.11328 6711.31445 3.3327 0
1669.82221 6798.30762 6706.72021 3.3327 0
1669.84304 6803.08154 6715.19336 3.3359 0
1669.86388 6793.64502 6706.41406 3.3344 0
1669.88471 6801.93604 6710.61865 3.3321 0
1669.90554 6800.46240 6712.24170 3.3258 0
1669.92637 6798.34961 6710.47607 3.3185 0
1669.94721 6804.59229 6714.21240 3.3099 0
1669.96804 6802.93896 6712.37793 3.3009 0
1669.98887 6795.30957 6705.22168 3.2927 0
1670.00971 6794.04248 6706.15381 3.2860 0
1670.03054 6800.40820 6710.16504 3.2822 0
1670.05137 6801.33643 6706.84961 3.2791 0
1670.07221 6797.10742 6706.31885 3.2782 0
1670.09304 6800.52344 6707.12939 3.2787 0
1670.11387 6799.21777 6706.25781 3.2796 0
1670.13470 6807.02783 6712.76318 3.2822 0
1670.15554 6803.60498 6714.02002 3.2847 0
1670.17637 6800.19971 6711.10742 3.2867 0
1670.19720 6806.27783 6716.68652 3.2879 0
1670.21804 6803.16016 6711.54688 3.2883 0
1670.23887 6804.67334 6713.72900 3.2897 0
1670.25970 6800.33447 6710.92871 3.2877 0
1670.28054 6800.35400 6711.47363 3.2871 0
1670.30137 6804.47412 6712.22314 3.2858 0
1670.32220 6796.68018 6709.83105 3.2857 0
1670.34304 6797.83301 6709.92236 3.2846 0
1670.36387 6803.04590 6713.45117 3.2868 0
1670.38470 6802.58350 6711.49463 3.2881 0
1670.40553 6803.90430 6714.20508 3.2913 0
1670.42637 6804.34082 6712.40967 3.2928 0
1670.44720 6806.59082 6717.28174 3.2975 0
1670.46803 6799.02295 6710.65820 3.3014 0
1670.48887 6798.91602 6711.18945 3.3080 0
1670.50970 6803.38477 6712.80859 3.3175 0
1670.53053 6795.95557 6709.17090 3.3250 0
1670.55137 6797.66748 6709.76660 3.3326 0
1670.57220 6796.00781 6709.30713 3.3408 0
1670.59303 6796.07178 6709.66455 3.3471 0
1670.61387 6795.75879 6709.85400 3.3530 0
1670.63470 6799.71289 6711.11230 3.3555 0
1670.65553 6796.00732 6709.42041 3.3591 0
1670.67636 6797.17871 6710.64893 3.3600 0
1670.69720 6790.03223 6703.67969 3.3610 0
1670.71803 6785.69531 6701.09082 3.3615 0
1670.73886 6781.30322 6697.76025 3.3641 0
1670.75970 6793.26807 6706.47949 3.3687 0
1670.78053 6782.53564 6699.18994 3.3716 0
1670.80136 6791.08643 6704.19775 3.3775 0
1670.82220 6783.96680 6701.03662 3.3830 0
1670.84303 6796.64063 6709.95703 3.3896 0
1670.86386 6794.81152 6708.37061 3.3930 0
1670.88470 6782.46484 6698.87891 3.3939 0
1670.90553 6786.15820 6703.48047 3.3960 0
1670.92636 6794.84570 6709.72803 3.3955 0
1670.94720 6790.67822 6706.39746 3.3914 0
1670.96803 6785.96436 6702.86523 3.3876 0
1670.98886 6792.94873 6707.62256 3.3834 0
1671.00969 6790.87451 6706.83691 3.3791 0
1671.03053 6789.55811 6702.68848 3.3762 0
1671.05136 6791.53076 6705.11035 3.3776 0
1671.07219 6788.92236 6705.74268 3.3802 0
1671.09303 6787.27637 6707.38574 3.3852 0
1671.11386 6790.13379 6710.14795 3.3919 0
1671.13469 6792.56445 6714.09277 3.3981 0
1671.15553 6791.06006 6712.15723 3.4038 0
1671.17636 6793.23096 6712.84570 3.4085 0
1671.19719 6790.43359 6710.22314 3.4119 0
1671.21803 6785.06787 6705.80225 3.4134 0
1671.23886 6787.73242 6708.49561 3.4132 0
1671.25969 6785.56201 6704.91211 3.4122 0
1671.28052 6776.66016 6698.31836 3.4092 0
1671.30136 6790.11621 6710.13623 3.4064 0
1671.32219 6789.79883 6705.50635 3.4037 0
1671.34302 6789.68359 6708.20068 3.4029 0
1671.36386 6788.51709 6706.09375 3.4005 0
1671.38469 6784.64990 6704.61475 3.4006 0
1671.40552 6789.86328 6709.84131 3.4030 0
1671.42636 6784.87598 6705.48877 3.4048 0
1671.44719 6789.20020 6710.19434 3.4091 0
1671.46802 6790.64746 6711.48486 3.4138 0
1671.48886 6787.78271 6710.43848 3.4185 0
1671.50969 6790.72510 6708.45410 3.4254 0
1671.53052 6782.00977 6703.88184 3.4351 0
1671.55135 6778.40283 6698.08350 3.4450 0
1671.57219 6787.44580 6707.57666 3.4510 0
1671.59302 6783.12451 6705.15088 3.4572 0
1671.61385 6784.09277 6706.19580 3.4636 0
1671.63469 6784.27393 6704.73975 3.4666 0
1671.65552 6782.60938 6705.98828 3.4704 0
1671.67635 6785.80811 6709.11963 3.4724 0
1671.69719 6785.76025 6711.84912 3.4763 0
1671.71802 6781.30322 6710.65869 3.4815 0
1671.73885 6784.86865 6711.17627 3.4878 0
1671.75969 6791.37012 6716.88965 3.4983 0
1671.78052 6787.23633 6709.91504 3.5078 0
1671.80135 6785.80615 6715.19775 3.5212 0
1671.82218 6790.28125 6717.45850 3.5324 0
1671.84302 6787.10742 6714.35400 3.5436 0
1671.86385 6790.50244 6715.61572 3.5528 0
1671.88468 6798.37744 6729.53857 3.5616 0
1671.90552 6788.74707 6717.45068 3.5651 0
1671.92635 6785.89209 6715.91748 3.5651 0
1671.94718 6788.09766 6717.52930 3.5643 0
1671.96802 6789.36377 6720.98291 3.5596 0
1671.98885 6793.57666 6719.67041 3.5554 0
1672.00968 6797.82324 6722.71484 3.5514 0
1672.03052 6795.00439 6716.26074 3.5462 0
1672.09301 6794.93555 6722.38965 3.5468 0
1672.11385 6797.17236 6723.25244 3.5521 0
1672.15551 6799.84912 6725.84229 3.5620 0
1672.21801 6795.25537 6725.33301 3.5768 0
1672.23885 6809.20605 6736.99072 3.5783 0
1672.25968 6798.43701 6728.89307 3.5777 0
1672.28051 6804.50000 6732.45020 3.5762 0
1672.30135 6800.30811 6731.68994 3.5718 0
1672.32218 6795.68164 6728.09424 3.5680 0
1672.34301 6793.89990 6726.54736 3.5660 0
1672.36384 6797.11914 6729.09277 3.5655 0
1672.38468 6792.32324 6726.51563 3.5668 0
1672.40551 6798.56836 6732.43555 3.5728 0
1672.44718 6801.73682 6734.15186 3.5843 0
1672.50968 6804.19971 6736.09424 3.6182 0
1672.53051 6795.80811 6726.78516 3.6349 0
1672.55134 6798.51709 6733.67236 3.6486 0
1672.57218 6801.16113 6735.71631 3.6640 0
1672.59301 6798.02734 6730.76123 3.6754 0
1672.61384 6797.66113 6735.23340 3.6839 0
1672.63467 6799.63232 6737.56104 3.6934 0
1672.65551 6792.04980 6729.02197 3.6979 0
1672.67634 6803.51416 6738.11523 3.7043 0
1672.69717 6799.69434 6739.58350 3.7092 0
1672.71801 6796.84082 6737.58301 3.7160 0
1672.73884 6795.63428 6737.00977 3.7249 0
1672.75967 6796.81885 6739.12402 3.7350 0
1672.78051 6801.41992 6740.73291 3.7490 0
1672.80134 6802.41699 6744.54395 3.7643 0
1672.82217 6800.74512 6740.55859 3.7815 0
1672.84301 6802.45703 6745.49365 3.7978 0
1672.86384 6795.36914 6739.46973 3.8118 0
1672.88467 6801.07666 6745.46924 3.8231 0
1672.90550 6802.68994 6744.08789 3.8303 0
1672.92634 6802.99756 6742.41309 3.8337 0
1672.94717 6799.97119 6743.59717 3.8333 0
1672.96800 6802.29102 6742.88184 3.8274 0
1672.98884 6799.21729 6742.54297 3.8224 0
1673.00967 6797.48096 6742.46777 3.8170 0
1673.03050 6801.91064 6742.79053 3.8135 0
1673.05134 6792.10596 6737.67676 3.8105 0
1673.07217 6797.58838 6743.60205 3.8098 0
1673.09300 6792.40527 6739.02002 3.8103 0
1673.11384 6793.10840 6740.92676 3.8134 0
1673.13467 6790.10010 6734.68848 3.8209 0
1673.15550 6794.88965 6735.43408 3.8283 0
1673.17633 6784.79297 6734.37207 3.8375 0
1673.19717 6787.65234 6736.05713 3.8481 0
1673.21800 6793.51172 6741.97900 3.8557 0
1673.23883 6792.32666 6743.25830 3.8618 0
1673.25967 6790.90088 6741.67871 3.8654 0
1673.28050 6788.30859 6738.36230 3.8648 0
## 13qlp KSPSAP_FLUX tc=1670.8
1668.63475 0.999139547 0.999734998 0.00074840 4096
1668.65558 1.00014400 1.00050926 0.00074840 4096
1668.67641 0.999985933 1.00014317 0.00074840 0
1668.69725 1.00031447 1.00028539 0.00074840 0
1668.71808 0.999591649 0.999396741 0.00074840 0
1668.73891 1.00083387 1.00049174 0.00074840 0
1668.75975 1.00006592 0.999595463 0.00074840 0
1668.78058 1.00151014 1.00092685 0.00074840 0
1668.80141 0.999900758 0.999222994 0.00074840 0
1668.82224 1.00062740 0.999868214 0.00074840 0
1668.84308 0.999308109 0.998482347 0.00074840 0
1668.86391 1.00011063 0.999229550 0.00074840 4096
1668.88474 1.00034964 0.999425232 0.00074840 0
1668.90558 0.998330712 0.997375488 0.00074840 0
1668.92641 1.00015986 0.999179244 0.00074840 0
1668.94724 1.00006592 0.999069929 0.00074840 4096
1668.96808 0.999466956 0.998462856 0.00074840 0
1668.98891 1.00056851 0.999560833 0.00074840 0
1669.00974 1.00054646 0.999541104 0.00074840 0
1669.03057 0.999057949 0.998059630 0.00074840 0
1669.05141 1.00066864 0.999677241 0.00074840 0
1669.07224 0.999334395 0.998353779 0.00074840 4096
1669.09307 0.999490678 0.998520494 0.00074840 0
1669.11391 1.00008082 0.999118865 0.00074840 4096
1669.13474 1.00047183 0.999517024 0.00074840 0
1669.15557 0.999704897 0.998755574 0.00074840 4096
1669.17641 0.999373019 0.998425841 0.00074840 4096
1669.19724 1.00004661 0.999097526 0.00074840 0
1669.21807 0.999762893 0.998810232 0.00074840 4096
1669.23891 0.999899864 0.998942137 0.00074840 0
1669.25974 0.999303699 0.998340189 0.00074840 0
1669.28057 1.00119793 1.00022459 0.00074840 4096
1669.30140 0.999440610 0.998460770 0.00074840 0
1669.32224 1.00071168 0.999722958 0.00074840 0
1669.34307 0.999952555 0.998956621 0.00074840 4096
1669.36390 1.00095880 0.999954581 0.00074840 0
1669.38474 1.00051129 0.999502659 0.00074840 0
1669.40557 1.00035584 0.999342680 0.00074840 0
1669.42640 0.999902487 0.998887956 0.00074840 0
1669.44724 1.00046480 0.999450743 0.00074840 0
1669.46807 1.00062823 0.999617338 0.00074840 0
1669.48890 0.999206245 0.998203814 0.00074840 0
1669.50974 0.999001801 0.998010933 0.00074840 4096
1669.53057 1.00113106 1.00015378 0.00074840 0
1669.55140 1.00025392 0.999297202 0.00074840 0
1669.57223 0.999817312 0.998886168 0.00074840 0
1669.59307 1.00125241 1.00035143 0.00074840 0
1669.61390 0.999011457 0.998148680 0.00074840 0
1669.63473 0.999239624 0.998420358 0.00074840 0
1669.65557 0.999499440 0.998730659 0.00074840 4096
1669.67640 0.999869108 0.999157429 0.00074840 0
1669.69723 0.999798000 0.999149621 0.00074840 0
1669.71807 0.999986827 0.999407172 0.00074840 0
1669.73890 1.00036728 0.999861121 0.00074840 0
1669.75973 1.00105464 1.00062585 0.00074840 0
1669.78057 1.00110471 1.00075614 0.00074840 0
1669.80140 0.999908626 0.999642849 0.00074840 0
1669.82223 0.999632895 0.999451458 0.00074840 4096
1669.84306 1.00043845 1.00034034 0.00074840 0
1669.86390 0.999013186 0.998999417 0.00074840 0
1669.88473 1.00002193 1.00009096 0.00074840 4096
1669.90556 0.998999178 0.999148548 0.00074840 0
1669.92640 1.00027227 1.00049937 0.00074840 0
1669.94723 0.999992967 1.00029421 0.00074840 0
1669.96806 1.00047004 1.00084150 0.00074840 0
1669.98890 0.999667168 1.00010240 0.00074840 0
1670.00973 0.999920964 1.00041389 0.00074840 0
1670.03056 0.999664545 1.00020850 0.00074840 0
1670.05140 0.999985933 1.00057328 0.00074840 4096
1670.07223 0.999636412 1.00025856 0.00074840 0
1670.09306 0.999178171 0.999825120 0.00074840 0
1670.11389 0.999733865 1.00039637 0.00074840 0
1670.13473 1.00041735 1.00108421 0.00074840 0
1670.15556 0.999756694 1.00041485 0.00074840 0
1670.17639 0.998970211 0.999608099 0.00074840 0
1670.19723 1.00034261 1.00094867 0.00074840 0
1670.21806 1.00023282 1.00079501 0.00074840 0
1670.23889 1.00031185 1.00081921 0.00074840 0
1670.25973 1.00007558 1.00051939 0.00074840 0
1670.28056 0.999585509 0.999956965 0.00074840 0
1670.30139 1.00041294 1.00070536 0.00074840 0
1670.32223 0.999946415 1.00015211 0.00074840 0
1670.34306 0.999922693 1.00003529 0.00074840 0
1670.36389 1.00044632 1.00046170 0.00074840 0
1670.38472 1.00102377 1.00093710 0.00074840 0
1670.40556 0.999978900 0.999787092 0.00074840 0
1670.42639 1.00028110 0.999981999 0.00074840 0
1670.44722 1.00114870 1.00074041 0.00074840 0
1670.46806 1.00068092 1.00016296 0.00074840 0
1670.48889 1.00051308 0.999885798 0.00074840 0
1670.50972 1.00079441 1.00005877 0.00074840 0
1670.53056 1.00019419 0.999352813 0.00074840 0
1670.55139 0.999905169 0.998960078 0.00074840 0
1670.57222 1.00035226 0.999307513 0.00074840 0
1670.59306 0.999920964 0.998781383 0.00074840 0
1670.61389 0.999503851 0.998275280 0.00074840 0
1670.63472 0.999639928 0.998328388 0.00074840 0
1670.65555 1.00022054 0.998831868 0.00074840 0
1670.67639 0.999668896 0.998213470 0.00074840 0
1670.69722 0.999751449 0.998235404 0.00074840 0
1670.71805 0.999259830 0.997693300 0.00074840 0
1670.73889 0.999958694 0.998346925 0.00074840 0
1670.75972 0.999885798 0.998236537 0.00074840 0
1670.78055 0.998987734 0.997309566 0.00074840 0
1670.80139 0.999629378 0.997925699 0.00074840 0
1670.82222 0.999305427 0.997583210 0.00074840 0
1670.84305 0.999828756 0.998091996 0.00074840 0
1670.86389 1.00101674 0.999269187 0.00074840 0
1670.88472 0.999462605 0.997713864 0.00074840 0
1670.90555 0.999739170 0.997989833 0.00074840 0
1670.92638 1.00023806 0.998491228 0.00074840 0
1670.94722 0.999468744 0.997729957 0.00074840 0
1670.96805 0.999837518 0.998107970 0.00074840 0
1670.98888 1.00077498 0.999055147 0.00074840 0
1671.00972 0.999519646 0.997815669 0.00074840 0
1671.03055 0.999506474 0.997818232 0.00074840 0
1671.05138 1.00011766 0.998444498 0.00074840 0
1671.07222 1.00060713 0.998949885 0.00074840 0
1671.09305 0.999985933 0.998347163 0.00074840 0
1671.11388 1.00020289 0.998580098 0.00074840 0
1671.13472 1.00049198 0.998884916 0.00074840 0
1671.15555 1.00134301 0.999749720 0.00074840 0
1671.17638 1.00092006 0.999341547 0.00074840 0
1671.19721 1.00037956 0.998813868 0.00074840 0
1671.21805 1.00078297 0.999227107 0.00074840 0
1671.23888 0.999060571 0.997516572 0.00074840 0
1671.25971 0.999401152 0.997864783 0.00074840 0
1671.28055 0.999028981 0.997501254 0.00074840 0
1671.30138 1.00018275 0.998661220 0.00074840 0
1671.32221 1.00073373 0.999219596 0.00074840 0
1671.34305 1.00004745 0.998544037 0.00074840 0
1671.36388 0.999763727 0.998270392 0.00074840 0
1671.38471 0.999366879 0.997885466 0.00074840 0
1671.40555 0.999865592 0.998395741 0.00074840 0
1671.42638 0.999458194 0.998004377 0.00074840 0
1671.44721 1.00110996 0.999670446 0.00074840 0
1671.46804 1.00059044 0.999171615 0.00074840 0
1671.48888 1.00096226 0.999566674 0.00074840 0
1671.50971 1.00011599 0.998747945 0.00074840 0
1671.53054 0.999897242 0.998559117 0.00074840 0
1671.55138 0.999530196 0.998227537 0.00074840 0
1671.57221 0.999819934 0.998555005 0.00074840 0
1671.59304 0.999538064 0.998317420 0.00074840 0
1671.61388 0.999798894 0.998626232 0.00074840 0
1671.63471 0.999177337 0.998060048 0.00074840 0
1671.65554 0.998755276 0.997698247 0.00074840 0
1671.67638 0.999771655 0.998779476 0.00074840 0
1671.69721 1.00010717 0.999188125 0.00074840 0
1671.71804 0.999852419 0.999011993 0.00074840 0
1671.73887 0.999260664 0.998505294 0.00074840 0
1671.75971 1.00003684 0.999370515 0.00074840 0
1671.78054 0.998986900 0.998414636 0.00074840 0
1671.80137 0.999934137 0.999459326 0.00074840 0
1671.82221 1.00057375 1.00020003 0.00074840 0
1671.84304 1.00077057 1.00050008 0.00074840 0
1671.86387 1.00109065 1.00092638 0.00074840 0
1671.88471 1.00134480 1.00128710 0.00074840 0
1671.90554 0.999823451 0.999874234 0.00074840 0
1671.92637 1.00024331 1.00040269 0.00074840 0
1671.94721 0.999880552 1.00014782 0.00074840 0
1671.96804 1.00065279 1.00102842 0.00074840 4096
1671.98887 1.00057375 1.00105488 0.00074840 0
1672.00970 1.00102472 1.00161040 0.00074840 0
1672.03054 0.999360740 1.00004685 0.00074840 0
1672.05137 0.857309997 0.857277572 0.00074840 4132
1672.07220 0.999024630 0.999902844 0.00074840 4096
1672.09304 1.00143361 1.00240445 0.00074840 0
1672.11387 0.999697030 1.00075173 0.00074840 0
1672.13470 0.998781562 0.999914467 0.00074840 4096
1672.15554 0.999560058 1.00076735 0.00074840 0
1672.17637 1.00042605 1.00170147 0.00074840 4096
1672.19720 1.00089991 1.00223541 0.00074840 0
1672.21804 1.00032330 1.00171018 0.00074840 0
1672.23887 1.00186217 1.00329685 0.00074840 0
1672.25970 1.00014842 1.00161898 0.00074840 0
1672.28053 0.999778688 1.00128102 0.00074840 0
1672.30137 1.00123835 1.00276959 0.00074840 4096
1672.32220 0.999627650 1.00117791 0.00074840 0
1672.34303 0.999698758 1.00126624 0.00074840 0
1672.36387 0.998528063 1.00010633 0.00074840 0
1672.38470 0.998872817 1.00045955 0.00074840 0
1672.40553 1.00051045 1.00210476 0.00074840 0
1672.42637 1.00024331 1.00183940 0.00074840 4096
1672.44720 0.998436868 1.00002944 0.00074840 4096
1672.46803 0.999072015 1.00066268 0.00074840 4096
1672.48887 0.999711931 1.00129926 0.00074840 4096
1672.50970 1.00055182 1.00213432 0.00074840 0
1672.53053 0.999417841 1.00099218 0.00074840 0
1672.55136 0.999434471 1.00100207 0.00074840 0
1672.57220 1.00009751 1.00165915 0.00074840 0
1672.59303 0.998559654 1.00011230 0.00074840 0
1672.61386 1.00045860 1.00200903 0.00074840 0
1672.63470 0.999430120 1.00097406 0.00074840 0
1672.65553 0.998714924 1.00025558 0.00074840 0
1672.67636 1.00155771 1.00310266 0.00074840 4096
1672.69720 0.999848068 1.00139272 0.00074840 0
1672.71803 0.999288797 1.00083828 0.00074840 0
1672.73886 1.00016165 1.00172150 0.00074840 0
1672.75970 1.00016773 1.00173843 0.00074840 0
1672.78053 1.00061941 1.00220537 0.00074840 0
1672.80136 1.00139844 1.00300133 0.00074840 0
1672.82219 1.00067306 1.00229371 0.00074840 0
1672.84303 1.00046825 1.00210941 0.00074840 0
1672.86386 0.998816669 1.00047767 0.00074840 0
1672.88469 1.00113463 1.00282335 0.00074840 0
1672.90553 1.00087786 1.00259221 0.00074840 0
1672.92636 1.00008261 1.00182199 0.00074840 4096
1672.94719 0.999901652 1.00166953 0.00074840 0
1672.96803 1.00120676 1.00300622 0.00074840 4096
1672.98886 1.00012040 1.00194824 0.00074840 0
1673.00969 0.999418676 1.00127566 0.00074840 0
1673.03053 1.00179529 1.00368798 0.00074840 0
1673.05136 1.00002289 1.00194395 0.00074840 0
1673.07219 1.00048232 1.00243556 0.00074840 0
1673.09302 1.00073016 1.00271618 0.00074840 0
1673.11386 1.00018358 1.00219953 0.00074840 0
1673.13469 0.999729514 1.00177562 0.00074840 0
1673.15552 1.00029171 1.00236952 0.00074840 4096
1673.17636 0.998928964 1.00103331 0.00074840 0
1673.19719 0.998407900 1.00054038 0.00074840 0
1673.21802 1.00081456 1.00297904 0.00074840 0
1673.23886 1.00012469 1.00231409 0.00074840 0
1673.25969 0.999538958 1.00175261 0.00074840 0
1673.28052 0.998396516 1.00063026 0.00074840 0
## 6spoc PDCSAP_FLUX tc=1475.58
1473.09518 6751.85547 6559.50977 2.9821 0
1473.11602 6745.80762 6554.01855 2.9832 0
1473.13685 6748.16309 6555.74561 2.9816 0
1473.15768 6749.12158 6555.74561 2.9814 0
1473.17852 6755.29443 6561.90430 2.9824 0
1473.19935 6749.30225 6556.60303 2.9815 0
1473.22018 6748.82861 6556.35107 2.9812 0
1473.24102 6747.42139 6555.13770 2.9816 0
1473.26185 6747.54785 6554.98877 2.9820 0
1473.28268 6748.79639 6556.89258 2.9818 0
1473.30352 6756.47363 6562.57080 2.9823 0
1473.32435 6747.39111 6554.85205 2.9811 0
1473.34519 6752.87402 6558.33984 2.9814 0
1473.36602 6750.57471 6557.09814 2.9816 0
1473.38685 6758.82861 6563.86865 2.9828 0
1473.40769 6755.43896 6561.28223 2.9823 0
1473.42852 6749.69775 6556.51807 2.9813 0
1473.44935 6753.16357 6558.64697 2.9831 0
1473.47019 6750.56543 6557.02100 2.9817 0
1473.49102 6756.51855 6561.72217 2.9825 0
1473.51186 6754.44873 6559.24805 2.9812 0
1473.53269 6748.97461 6554.64648 2.9911 0
1473.55352 6747.98193 6553.66357 2.9819 0
1473.57436 6752.45215 6556.39648 2.9809 0
1473.59519 6747.99854 6554.08105 2.9804 0
1473.61602 6748.00586 6553.16162 2.9808 0
1473.63686 6752.78809 6557.24561 2.9821 0
1473.65769 6748.86279 6554.56250 2.9818 0
1473.67853 6750.91943 6555.63916 2.9816 0
1473.69936 6747.44824 6551.41064 2.9808 0
1473.72019 6751.81250 6555.46436 2.9811 0
1473.74103 6753.77539 6557.46631 2.9818 0
1473.76186 6753.30469 6556.67236 2.9809 0
1473.78269 6751.83643 6555.89502 2.9810 0
1473.80353 6749.49023 6552.87793 2.9829 0
1473.82436 6749.67432 6553.04346 2.9814 0
1473.84520 6748.64063 6551.61816 2.9813 0
1473.86603 6753.99756 6556.14502 2.9813 0
1473.88686 6753.06445 6555.53809 2.9811 0
1473.90770 6746.49268 6550.61182 2.9799 0
1473.92853 6750.51416 6553.41064 2.9827 0
1473.94936 6752.88916 6553.73926 2.9811 0
1473.97020 6749.28076 6552.48682 2.9826 0
1473.99103 6751.26123 6553.64600 2.9806 0
1474.01186 6745.67139 6548.65479 2.9801 0
1474.03270 6754.63037 6556.53955 2.9817 0
1474.05353 6751.64502 6552.70459 2.9820 0
1474.07437 6750.76025 6552.81299 2.9818 0
1474.09520 6748.11816 6550.31982 2.9809 0
1474.11603 6755.40479 6556.18604 2.9807 0
1474.13687 6751.19531 6552.73291 2.9820 0
1474.15770 6751.70117 6553.40430 2.9802 0
1474.17853 6750.61572 6551.26074 2.9805 0
1474.19937 6752.54492 6553.58936 2.9804 0
1474.22020 6753.94287 6553.42041 2.9812 0
1474.24104 6745.35938 6546.59717 2.9826 0
1474.26187 6756.82520 6555.11377 2.9806 0
1474.28270 6751.25146 6550.87207 2.9798 0
1474.30354 6751.31152 6551.46387 2.9802 0
1474.32437 6747.72363 6547.70850 2.9797 0
1474.34520 6745.85742 6545.85498 2.9802 0
1474.36604 6751.56201 6551.34180 2.9811 0
1474.38687 6751.37988 6549.67871 2.9798 0
1474.40771 6747.31738 6546.56982 2.9828 0
1474.42854 6750.07764 6548.67627 2.9799 0
1474.44937 6750.99268 6548.85107 2.9803 0
1474.47021 6747.98193 6546.15088 2.9809 0
1474.49104 6747.50342 6544.77686 2.9798 0
1474.51187 6751.85693 6548.96338 2.9796 0
1474.53271 6746.94092 6544.62451 2.9793 0
1474.55354 6746.47803 6544.43018 2.9794 0
1474.57437 6753.17529 6548.80469 2.9809 0
1474.59521 6753.34375 6549.33789 2.9812 0
1474.61604 6755.42578 6552.25098 2.9804 0
1474.67854 6749.62939 6536.01904 2.9789 0
1474.72021 6752.88281 6538.87500 2.9791 0
1474.74104 6750.79492 6542.11279 2.9792 0
1474.76188 6748.25830 6537.98242 2.9788 0
1474.78271 6745.66064 6540.90820 2.9794 0
1474.80355 6750.98975 6544.54736 2.9799 0
1474.82438 6747.13379 6541.09229 2.9789 0
1474.84521 6754.54053 6543.74512 2.9796 0
1474.86605 6754.68359 6545.13379 2.9793 0
1474.88688 6750.39697 6539.29346 2.9789 0
1474.90771 6748.19287 6542.08105 2.9783 0
1474.92855 6749.89404 6538.09912 2.9786 0
1474.94938 6751.49951 6535.35303 2.9785 0
1474.97021 6750.72754 6543.97852 2.9788 0
1474.99105 6755.97412 6544.67236 2.9823 0
1475.01188 6751.29688 6543.64600 2.9791 0
1475.03272 6753.27783 6544.48633 2.9800 0
1475.05355 6746.81982 6539.01807 2.9785 0
1475.07438 6751.66016 6539.69971 2.9791 0
1475.09522 6757.94775 6543.20996 2.9794 0
1475.11605 6753.70508 6543.41602 2.9798 0
1475.13688 6750.98145 6537.64014 2.9799 0
1475.15772 6752.89063 6540.35840 2.9801 0
1475.17855 6754.13525 6540.09521 2.9827 0
1475.19939 6750.77783 6539.23340 2.9797 0
1475.22022 6753.49023 6537.53223 2.9803 0
1475.24105 6749.98535 6538.05469 2.9794 0
1475.26189 6748.88525 6537.28613 2.9793 0
1475.28272 6747.26563 6532.41992 2.9799 0
1475.30355 6751.29150 6536.50195 2.9798 0
1475.32439 6750.40186 6534.54883 2.9795 0
1475.34522 6752.58301 6540.52393 2.9805 0
1475.36605 6752.03760 6537.65234 2.9806 0
1475.38689 6746.94727 6535.00146 2.9794 0
1475.40772 6750.53809 6538.71338 2.9803 0
1475.42856 6751.05273 6537.05859 2.9807 0
1475.44939 6746.91846 6536.25830 2.9799 0
1475.47022 6745.82373 6529.82275 2.9798 0
1475.49106 6752.49365 6536.66113 2.9805 0
1475.51189 6748.98926 6535.45166 2.9813 0
1475.53272 6750.51855 6536.67236 2.9813 0
1475.55356 6752.20947 6538.06885 2.9815 0
1475.57439 6755.08154 6539.79590 2.9827 0
1475.59523 6754.82617 6538.36816 2.9820 0
1475.61606 6753.17529 6538.15576 2.9812 0
1475.63689 6749.57910 6536.62451 2.9823 0
1475.65773 6752.68604 6537.30664 2.9823 0
1475.67856 6753.68945 6538.32910 2.9816 0
1475.69939 6754.13184 6537.45020 2.9819 0
1475.72023 6750.99170 6538.41895 2.9818 0
1475.74106 6750.49854 6534.14160 2.9817 0
1475.76189 6753.03174 6538.10449 2.9821 0
1475.78273 6749.67090 6534.72070 2.9814 0
1475.80356 6756.70654 6539.65723 2.9833 0
1475.82440 6746.96533 6531.58398 2.9823 0
1475.84523 6750.84326 6535.96289 2.9838 0
1475.86606 6754.91650 6538.98584 2.9841 0
1475.88690 6757.05762 6540.79883 2.9836 0
1475.90773 6751.53955 6534.33057 2.9824 0
1475.92856 6752.03125 6536.53223 2.9846 0
1475.94940 6755.03516 6538.39844 2.9842 0
1475.97023 6748.79150 6533.01758 2.9832 0
1475.99106 6746.44092 6530.39502 2.9827 0
1476.01190 6754.47900 6536.99756 2.9838 0
1476.03273 6747.22656 6529.84424 2.9839 0
1476.05357 6750.65918 6533.49561 2.9834 0
1476.07440 6750.00684 6532.92090 2.9846 0
1476.09523 6747.48730 6530.86914 2.9856 0
1476.11607 6752.19678 6532.68750 2.9848 0
1476.13690 6752.77100 6534.44873 2.9853 0
1476.15773 6750.87451 6532.57861 2.9849 0
1476.17857 6748.58887 6530.23242 2.9848 0
1476.19940 6750.12695 6531.92139 2.9850 0
1476.22023 6751.03906 6532.58398 2.9860 0
1476.24107 6751.85400 6532.15918 2.9850 0
1476.26190 6750.89990 6531.16699 2.9853 0
1476.28274 6750.61084 6529.90381 2.9866 0
1476.30357 6750.93848 6531.28174 2.9854 0
1476.32440 6754.02295 6533.34229 2.9861 0
1476.34524 6756.11621 6534.55859 2.9866 0
1476.36607 6750.59131 6530.69580 2.9849 0
1476.38690 6755.05469 6533.36084 2.9860 0
1476.40774 6746.39746 6526.41064 2.9854 0
1476.42857 6753.39941 6531.44775 2.9867 0
1476.44940 6755.51270 6533.91504 2.9875 0
1476.47024 6756.37646 6533.74072 2.9873 0
1476.49107 6746.66797 6525.95117 2.9852 0
1476.51191 6749.76025 6530.05518 2.9863 0
1476.53274 6745.77295 6525.51074 2.9874 0
1476.55357 6752.48535 6530.56836 2.9862 0
1476.57441 6754.89746 6532.66602 2.9869 0
1476.59524 6751.46533 6528.62793 2.9867 0
1476.61607 6754.72852 6531.72900 2.9874 0
1476.63691 6749.51953 6525.27490 2.9866 0
1476.65774 6752.29443 6529.00098 2.9888 0
1476.67857 6754.27393 6530.97803 2.9874 0
1476.69941 6750.79639 6527.80225 2.9874 0
1476.72024 6748.74023 6525.88721 2.9876 0
1476.74108 6753.44824 6529.32373 2.9902 0
1476.76191 6749.55957 6526.28320 2.9875 0
1476.78274 6752.42969 6528.51025 2.9880 0
1476.80358 6750.28613 6525.96777 2.9889 0
1476.82441 6752.41357 6528.31006 2.9893 0
1476.84524 6755.98828 6531.09424 2.9888 0
1476.86608 6746.92773 6523.37744 2.9869 0
1476.88691 6745.13525 6520.31494 2.9864 0
1476.90774 6748.19287 6524.12793 2.9878 0
1476.92858 6749.65430 6525.03320 2.9866 0
1476.94941 6755.10889 6529.63672 2.9912 0
1476.97024 6751.01855 6526.75293 3.0134 0
1476.99108 6750.22510 6519.47119 3.0637 0
## 6qlp KSPSAP_FLUX tc=1475.58
1473.09522 1.00012910 1.00010991 0.00050406 0
1473.11606 1.00007904 1.00006115 0.00050406 0
1473.13689 0.998526335 0.998511016 0.00050406 0
1473.15772 0.999466121 0.999452591 0.00050406 0
1473.17856 0.999731243 0.999719143 0.00050406 0
1473.19939 1.00011504 1.00010478 0.00050406 0
1473.22023 1.00000882 1.00000024 0.00050406 0
1473.24106 0.999489784 0.999482751 0.00050406 0
1473.26189 0.999335289 0.999330223 0.00050406 0
1473.28273 0.999359846 0.999356627 0.00050406 0
1473.30356 1.00031364 1.00031149 0.00050406 0
1473.32439 0.999688208 0.999687970 0.00050406 0
1473.34523 1.00043666 1.00043738 0.00050406 0
1473.36606 1.00037777 1.00037980 0.00050406 0
1473.38690 1.00138354 1.00138700 0.00050406 0
1473.40773 1.00052273 1.00052738 0.00050406 0
1473.42856 0.999451160 0.999456644 0.00050406 0
1473.44940 1.00086558 1.00087190 0.00050406 0
1473.47023 1.00041819 1.00042522 0.00050406 0
1473.49106 1.00078738 1.00079453 0.00050406 0
1473.51190 1.00027931 1.00028729 0.00050406 0
1473.53273 0.999887586 0.999895990 0.00050406 0
1473.55357 0.999185205 0.999194324 0.00050406 0
1473.57440 1.00040495 1.00041425 0.00050406 0
1473.59523 1.00016868 1.00017834 0.00050406 0
1473.61607 0.999610960 0.999620020 0.00050406 0
1473.63690 1.00077939 1.00078881 0.00050406 0
1473.65773 1.00025392 1.00026333 0.00050406 0
1473.67857 0.999995589 1.00000489 0.00050406 0
1473.69940 0.998907030 0.998915732 0.00050406 0
1473.72023 1.00023985 1.00024772 0.00050406 0
1473.74107 0.999893725 0.999901295 0.00050406 0
1473.76190 1.00033557 1.00034237 0.00050406 0
1473.78274 0.999871790 0.999877930 0.00050406 0
1473.80357 0.999841928 0.999847353 0.00050406 0
1473.82440 0.999892831 0.999897063 0.00050406 0
1473.84524 1.00009131 1.00009537 0.00050406 0
1473.86607 1.00012565 1.00012839 0.00050406 0
1473.88690 1.00053596 1.00053704 0.00050406 0
1473.90774 0.999653101 0.999653518 0.00050406 0
1473.92857 1.00032949 1.00032890 0.00050406 0
1473.94941 0.999592543 0.999589980 0.00050406 0
1473.97024 1.00001049 1.00000679 0.00050406 0
1473.99107 1.00029516 1.00029027 0.00050406 0
1474.01191 0.998757005 0.998750329 0.00050406 0
1474.03274 1.00131583 1.00130773 0.00050406 0
1474.05357 1.00001585 1.00000584 0.00050406 0
1474.07441 1.00070202 1.00069034 0.00050406 0
1474.09524 0.999712825 0.999699831 0.00050406 0
1474.11608 1.00030577 1.00029039 0.00050406 0
1474.13691 1.00019062 1.00017333 0.00050406 0
1474.15774 0.999300182 0.999281406 0.00050406 0
1474.17858 1.00048935 1.00046837 0.00050406 0
1474.19941 1.00064671 1.00062370 0.00050406 0
1474.22024 1.00011683 1.00009215 0.00050406 0
1474.24108 0.999881446 0.999854803 0.00050406 0
1474.26191 0.999962211 0.999933004 0.00050406 0
1474.28275 0.999875307 0.999844551 0.00050406 0
1474.30358 1.00029075 1.00025737 0.00050406 0
1474.32441 0.999517024 0.999481201 0.00050406 0
1474.34525 0.999264181 0.999226213 0.00050406 0
1474.36608 1.00043046 1.00039053 0.00050406 0
1474.38691 1.00031888 1.00027680 0.00050406 0
1474.40775 0.999570549 0.999526262 0.00050406 0
1474.42858 0.999923587 0.999876559 0.00050406 0
1474.44941 1.00047791 1.00042856 0.00050406 0
1474.47025 0.999794483 0.999743104 0.00050406 0
1474.49108 0.999538958 0.999484956 0.00050406 0
1474.51192 0.999393225 0.999337018 0.00050406 0
1474.53275 1.00004923 0.999990523 0.00050406 4096
1474.55358 1.00009751 1.00003672 0.00050406 4096
1474.57442 1.00017047 1.00010705 0.00050406 4096
1474.59525 0.999748826 0.999682903 0.00050406 4096
1474.61608 1.00081980 1.00075102 0.00050406 4096
1474.63692 0.872844815 0.872807443 0.00050406 4128
1474.65775 1.00059128 1.00051796 0.00050406 4096
1474.67859 0.999641716 0.999566317 0.00050406 4096
1474.69942 0.999648690 0.999570727 0.00050406 4096
1474.72025 0.999755859 0.999675512 0.00050406 4096
1474.74109 0.999761999 0.999678850 0.00050406 4096
1474.76192 0.999490678 0.999405205 0.00050406 4096
1474.78275 0.999335289 0.999247730 0.00050406 4096
1474.80359 0.999760211 0.999670625 0.00050406 4096
1474.82442 0.999795377 0.999702752 0.00050406 4096
1474.84525 0.999924481 0.999829471 0.00050406 4096
1474.86609 1.00035405 1.00025666 0.00050406 4096
1474.88692 0.999910414 0.999811292 0.00050406 4096
1474.90776 0.999860346 0.999758780 0.00050406 4096
1474.92859 0.999927104 0.999822974 0.00050406 4096
1474.94942 0.999210656 0.999105155 0.00050406 4096
1474.97026 1.00003076 0.999922931 0.00050406 4096
1474.99109 1.00021434 1.00010407 0.00050406 4096
1475.01192 1.00023103 1.00011861 0.00050406 4096
1475.03276 1.00031972 1.00020516 0.00050406 4096
1475.05359 0.999145687 0.999029458 0.00050406 4096
1475.07443 1.00048327 1.00036526 0.00050406 4096
1475.09526 1.00044549 1.00032520 0.00050406 4096
1475.11609 1.00032854 1.00020671 0.00050406 4096
1475.13693 0.999877930 0.999754369 0.00050406 4096
1475.15776 0.999980688 0.999855518 0.00050406 4096
1475.17859 1.00015986 1.00003302 0.00050406 4096
1475.19943 0.999564409 0.999435782 0.00050406 4096
1475.22026 0.999992073 0.999861956 0.00050406 4096
1475.24109 1.00059223 1.00046015 0.00050406 4096
1475.26193 0.999154508 0.999020934 0.00050406 4096
1475.28276 0.999558270 0.999423385 0.00050406 4096
1475.30360 0.999664545 0.999528229 0.00050406 0
1475.32443 1.00019062 1.00005352 0.00050406 0
1475.34526 1.00004566 0.999907553 0.00050406 0
1475.36610 1.00027585 1.00013602 0.00050406 0
1475.38693 0.999625027 0.999484360 0.00050406 0
1475.40776 1.00041556 1.00027370 0.00050406 0
1475.42860 1.00023460 1.00009239 0.00050406 0
1475.44943 0.999898970 0.999755681 0.00050406 0
1475.47027 0.999078989 0.998934865 0.00050406 0
1475.49110 1.00013435 0.999989450 0.00050406 0
1475.51193 0.999754965 0.999609590 0.00050406 0
1475.53277 0.999942899 0.999796987 0.00050406 0
1475.55360 1.00030136 1.00015521 0.00050406 0
1475.57443 1.00102115 1.00087500 0.00050406 0
1475.59527 1.00069940 1.00055277 0.00050406 0
1475.61610 0.999407291 0.999260724 0.00050406 0
1475.63693 0.999845445 0.999699056 0.00050406 0
1475.65777 1.00014234 0.999996424 0.00050406 0
1475.67860 0.999808550 0.999662697 0.00050406 0
1475.69944 0.999520540 0.999374807 0.00050406 0
1475.72027 1.00033116 1.00018620 0.00050406 4096
1475.74110 0.999862134 0.999717236 0.00050406 0
1475.76194 1.00014400 0.999999762 0.00050406 0
1475.78277 0.999808550 0.999665439 0.00050406 0
1475.80360 1.00084531 1.00070262 0.00050406 0
1475.82444 1.00012040 0.999978781 0.00050406 0
1475.84527 1.00089991 1.00075924 0.00050406 0
1475.86610 0.999895453 0.999756992 0.00050406 0
1475.88694 1.00049460 1.00035691 0.00050406 0
1475.90777 1.00015104 1.00001538 0.00050406 0
1475.92861 1.00021350 1.00007951 0.00050406 0
1475.94944 1.00088406 1.00075173 0.00050406 0
1475.97027 0.999961376 0.999830544 0.00050406 0
1475.99111 0.999073744 0.998945653 0.00050406 0
1476.01194 1.00054300 1.00041699 0.00050406 0
1476.03277 0.999536335 0.999412596 0.00050406 0
1476.05361 0.999287009 0.999165654 0.00050406 0
1476.07444 1.00005269 0.999934316 0.00050406 0
1476.09528 0.999132574 0.999017000 0.00050406 0
1476.11611 0.999470472 0.999357164 0.00050406 0
1476.13694 0.999711931 0.999601483 0.00050406 0
1476.15778 0.999896348 0.999789596 0.00050406 0
1476.17861 0.999799728 0.999695837 0.00050406 0
1476.19944 0.999677718 0.999577880 0.00050406 0
1476.22028 1.00005889 0.999962687 0.00050406 0
1476.24111 0.999826968 0.999734700 0.00050406 0
1476.26194 0.999674201 0.999585927 0.00050406 0
1476.28278 0.999644339 0.999559999 0.00050406 0
1476.30361 0.999289632 0.999209464 0.00050406 0
1476.32445 1.00015378 1.00007832 0.00050406 0
1476.34528 1.00054300 1.00047243 0.00050406 0
1476.36611 1.00007379 1.00000799 0.00050406 0
1476.38695 1.00036812 1.00030720 0.00050406 0
1476.40778 0.999193132 0.999137521 0.00050406 0
1476.42861 1.00048327 1.00043309 0.00050406 0
1476.44945 1.00150752 1.00146270 0.00050406 0
1476.47028 1.00043309 1.00039387 0.00050406 0
1476.49111 0.999289632 0.999256134 0.00050406 0
1476.51195 0.999819100 0.999791801 0.00050406 0
1476.53278 0.999504745 0.999483705 0.00050406 0
1476.55362 0.999538958 0.999524653 0.00050406 0
1476.57445 1.00035930 1.00035155 0.00050406 0
1476.59528 0.999199271 0.999198079 0.00050406 0
1476.61612 1.00080848 1.00081480 0.00050406 0
1476.63695 1.00029957 1.00031304 0.00050406 0
1476.65778 0.999890208 0.999910593 0.00050406 0
1476.67862 0.999519646 0.999548316 0.00050406 0
1476.69945 1.00024426 1.00028086 0.00050406 0
1476.72028 0.999525785 0.999570429 0.00050406 0
1476.74112 1.00012124 1.00017357 0.00050406 0
1476.76195 1.00038123 1.00044286 0.00050406 0
1476.78278 1.00037956 1.00044954 0.00050406 0
1476.80362 0.999975383 1.00005400 0.00050406 0
1476.82445 1.00031185 1.00039995 0.00050406 0
1476.84529 1.00114346 1.00124109 0.00050406 0
1476.86612 0.999714553 0.999821305 0.00050406 4096
1476.88695 1.00009048 1.00020730 0.00050406 4096
1476.90779 0.998983383 0.999109745 0.00050406 4096
1476.92862 1.00009310 1.00022995 0.00050406 4096
1476.94945 1.00089109 1.00103843 0.00050406 4096
1476.97029 0.999741793 0.999899864 0.00050406 4096
1476.99112 0.998993874 0.999162793 0.00050406 4096
## 3spoc PDCSAP_FLUX tc=1405
1400.01018 6763.07178 6385.65820 3.0760 0
1400.03102 6763.47852 6384.63721 3.0745 0
1400.05185 6766.50049 6387.56396 3.0749 0
1400.07268 6764.09521 6383.77686 3.0750 0
1400.09352 6767.51611 6384.46924 3.0755 0
1400.11435 6768.85498 6390.57031 3.0758 0
1400.13519 6765.53076 6383.83154 3.0769 0
1400.15602 6767.41602 6387.19043 3.0753 0
1400.17685 6765.03711 6383.99463 3.0758 0
1400.19769 6766.87061 6386.09766 3.0764 0
1400.21852 6764.89551 6384.92969 3.0753 0
1400.23935 6767.68359 6385.16553 3.0755 0
1400.26019 6767.93164 6383.78174 3.0761 0
1400.28102 6762.99463 6380.97510 3.0752 0
1400.30186 6769.77881 6387.22900 3.0773 0
1400.32269 6761.43506 6379.88574 3.0757 0
1400.34352 6769.69775 6386.36865 3.0760 0
1400.36436 6766.97607 6382.21729 3.0752 0
1400.38519 6768.01563 6382.29639 3.0755 0
1400.40603 6763.50098 6380.44043 3.0756 0
1400.42686 6758.47217 6375.34375 3.0751 0
1400.44769 6764.23096 6377.72363 3.0753 0
1400.46853 6773.06543 6388.32959 3.0766 0
1400.48936 6769.29834 6381.65967 3.0771 0
1400.51019 6767.18066 6382.10010 3.0774 0
1400.53103 6765.52100 6379.47412 3.0744 0
1400.55186 6766.59668 6377.64404 3.0747 0
1400.57270 6766.95215 6381.23584 3.0744 0
1400.59353 6764.34326 6375.15625 3.0733 0
1400.61436 6769.80127 6379.92822 3.0746 0
1400.63520 6768.94482 6378.57520 3.0743 0
1400.67686 6765.85156 6375.93701 3.0731 0
1400.73937 6763.38818 6379.33008 3.0730 0
1400.76020 6767.28516 6383.22119 3.0743 0
1400.78103 6770.03076 6385.96045 3.0757 0
1400.80187 6762.99316 6377.88232 3.0740 0
1400.82270 6767.57666 6383.47021 3.0741 0
1400.84353 6770.85791 6384.18359 3.0745 0
1400.86437 6771.13770 6384.97607 3.0737 0
1400.88520 6769.68164 6384.20654 3.0733 0
1400.90604 6764.32959 6378.97607 3.0730 0
1400.92687 6768.64355 6383.32764 3.0738 0
1400.94770 6767.15430 6380.09424 3.0750 0
1400.96854 6765.54004 6380.82129 3.0744 0
1400.98937 6770.91064 6382.90332 3.0740 0
1401.01021 6764.96924 6378.28223 3.0746 0
1401.03104 6767.17871 6379.86523 3.0735 0
1401.05187 6769.13086 6381.26807 3.0733 0
1401.07271 6765.48340 6378.25830 3.0733 0
1401.09354 6763.91504 6376.19824 3.0724 0
1401.11437 6768.77881 6381.78711 3.0729 0
1401.13521 6766.12842 6377.34131 3.0721 0
1401.15604 6768.71484 6379.54541 3.0730 0
1401.17688 6770.05322 6381.47461 3.0732 0
1401.19771 6765.90186 6376.32715 3.0722 0
1401.21854 6768.52148 6380.41113 3.0726 0
1401.23938 6765.18311 6375.08691 3.0734 0
1401.26021 6761.77490 6374.64063 3.0723 0
1401.28104 6767.39697 6378.09082 3.0728 0
1401.30188 6765.80322 6375.16602 3.0714 0
1401.32271 6767.53369 6378.28711 3.0719 0
1401.34355 6770.51465 6379.57568 3.0727 0
1401.36438 6766.68164 6379.16748 3.0730 0
1401.38521 6764.57764 6374.81836 3.0720 0
1401.40605 6770.35693 6379.88135 3.0726 0
1401.42688 6765.08691 6374.80420 3.0718 0
1401.44772 6766.06494 6375.71631 3.0722 0
1401.46855 6769.25244 6378.07471 3.0724 0
1401.48938 6769.21631 6377.14502 3.0729 0
1401.51022 6765.78760 6376.39893 3.0715 0
1401.53105 6762.69434 6372.01025 3.0711 0
1401.55188 6766.10059 6375.37939 3.0718 0
1401.57272 6772.50195 6378.84961 3.0721 0
1401.59355 6764.69824 6373.92480 3.0711 0
1401.61439 6765.19287 6372.97705 3.0720 0
1401.63522 6765.13477 6372.08203 3.0724 0
1401.65605 6764.98096 6373.22754 3.0725 0
1401.67689 6772.29102 6378.43066 3.0720 0
1401.69772 6764.39160 6371.67578 3.0706 0
1401.71855 6767.71826 6373.77930 3.0721 0
1401.73939 6766.06885 6373.09277 3.0721 0
1401.76022 6767.52441 6373.59521 3.0726 0
1401.78106 6767.35547 6373.58594 3.0716 0
1401.80189 6768.21484 6374.55371 3.0724 0
1401.82272 6765.45654 6367.95459 3.0716 0
1401.84356 6769.24658 6376.05518 3.0722 0
1401.86439 6771.24512 6374.28027 3.0721 0
1401.88522 6767.37598 6367.72998 3.0705 0
1401.90606 6766.64648 6371.30273 3.0718 0
1401.92689 6771.87451 6374.68848 3.0710 0
1401.94773 6770.30029 6376.96045 3.0711 0
1401.96856 6763.04004 6363.71143 3.0688 0
1401.98939 6767.14648 6367.54199 3.0698 0
1402.01023 6767.31885 6370.06104 3.0703 0
1402.03106 6769.60156 6369.98926 3.0710 0
1402.05190 6766.67236 6369.96631 3.0702 0
1402.07273 6770.27002 6370.44482 3.0709 0
1402.09356 6766.42480 6370.09424 3.0714 0
1402.11440 6767.54443 6369.34717 3.0716 0
1402.13523 6763.81543 6366.52100 3.0697 0
1402.15606 6764.96631 6368.73096 3.0715 0
1402.17690 6764.99561 6366.28369 3.0699 0
1402.19773 6765.20117 6368.00586 3.0710 0
1402.21857 6766.22900 6367.14941 3.0701 0
1402.23940 6761.92920 6363.78857 3.0699 0
1402.26023 6768.12158 6367.33008 3.0701 0
1402.28107 6766.77881 6366.74121 3.0702 0
1402.30190 6760.32178 6361.14551 3.0700 0
1402.32273 6760.08203 6360.50732 3.0683 0
1402.34357 6760.28320 6359.83301 3.0698 0
1402.36440 6760.42871 6358.58154 3.0690 0
1402.38524 6758.51514 6356.56836 3.0680 0
1402.40607 6762.69287 6358.06982 3.0699 0
1402.42690 6762.84277 6356.90527 3.0677 0
1402.44774 6760.33545 6356.15723 3.0685 0
1402.46857 6761.87451 6357.05029 3.0679 0
1402.48940 6765.54785 6358.86426 3.0685 0
1402.51024 6761.34766 6355.16406 3.0680 0
1402.53107 6768.78711 6359.56934 3.0683 0
1402.55191 6772.21436 6364.26611 3.0685 0
1402.57274 6764.52588 6353.59082 3.0681 0
1402.59357 6765.65527 6358.91113 3.0683 0
1402.61441 6764.68457 6356.50977 3.0687 0
1402.63524 6767.29248 6356.53613 3.0677 0
1402.65608 6764.80029 6356.37891 3.0680 0
1402.73941 6769.88428 6368.91504 3.0705 0
1402.76024 6764.10693 6363.41895 3.0685 0
1402.78108 6769.75049 6368.77393 3.0699 0
1402.80191 6766.91016 6365.69580 3.0705 0
1402.82275 6767.66699 6366.38477 3.0701 0
1402.84358 6775.54736 6373.76465 3.0708 0
1402.86441 6763.17041 6361.58936 3.0685 0
1402.88525 6768.33496 6367.30518 3.0701 0
1402.90608 6771.16162 6368.27734 3.0694 0
1402.92691 6771.64355 6368.64844 3.0697 0
1402.94775 6765.12988 6362.59668 3.0698 0
1402.96858 6763.67969 6360.95898 3.0701 0
1402.98942 6766.14111 6364.17041 3.0689 0
1403.01025 6769.84717 6366.47705 3.0695 0
1403.03108 6765.99170 6364.49854 3.0697 0
1403.05192 6760.62012 6356.82324 3.0687 0
1403.07275 6773.03662 6369.54395 3.0702 0
1403.09358 6766.05908 6363.27441 3.0692 0
1403.11442 6770.67432 6365.38281 3.0694 0
1403.13525 6765.02246 6361.75635 3.0685 0
1403.15609 6774.38916 6367.67041 3.0707 0
1403.17692 6769.42139 6364.53125 3.0695 0
1403.19775 6766.01367 6360.32324 3.0709 0
1403.21859 6762.85498 6358.34180 3.0693 0
1403.23942 6762.58203 6360.08350 3.0693 0
1403.26026 6764.87500 6359.11523 3.0693 0
1403.28109 6768.62988 6363.52979 3.0690 0
1403.30192 6764.80029 6359.41406 3.0680 0
1403.32276 6763.26172 6358.53760 3.0680 0
1403.34359 6769.45703 6362.73730 3.0690 0
1403.36442 6762.64990 6357.19971 3.0680 0
1403.38526 6766.12109 6359.76074 3.0682 0
1403.40609 6766.52637 6360.37793 3.0677 0
1403.42693 6767.61426 6360.59424 3.0695 0
1403.44776 6764.49268 6357.78760 3.0687 0
1403.46859 6766.24658 6359.64600 3.0682 0
1403.48943 6762.42627 6356.02051 3.0670 0
1403.51026 6762.54297 6355.11426 3.0684 0
1403.53109 6769.12939 6362.29883 3.0678 0
1403.55193 6767.66406 6358.30322 3.0681 0
1403.57276 6761.65283 6355.26025 3.0674 0
1403.59360 6768.41895 6359.18408 3.0681 0
1403.63526 6767.74463 6359.19678 3.0680 0
1403.65610 6764.40674 6355.46484 3.0684 0
1403.67693 6767.60645 6358.39697 3.0677 0
1403.69776 6765.28320 6355.32178 3.0676 0
1403.71860 6762.44238 6353.93457 3.0675 0
1403.73943 6768.93164 6359.08057 3.0675 0
1403.76027 6764.65283 6352.48682 3.0678 0
1403.78110 6771.08301 6358.45313 3.0694 0
1403.80193 6762.78955 6351.88184 3.0665 0
1403.82277 6764.64941 6354.85205 3.0672 0
1403.84360 6764.87012 6353.12939 3.0678 0
1403.86443 6767.60889 6354.86719 3.0673 0
1403.88527 6773.93994 6360.25342 3.0678 0
1403.90610 6764.22607 6352.95947 3.0667 0
1403.92694 6763.20264 6351.12598 3.0663 0
1403.94777 6771.70752 6355.58301 3.0672 0
1403.96860 6766.18896 6352.18506 3.0692 0
1403.98944 6767.75391 6354.89697 3.0674 0
1404.01027 6766.95264 6353.25391 3.0683 0
1404.03111 6766.66895 6352.21533 3.0672 0
1404.05194 6768.43359 6354.92139 3.0674 0
1404.07277 6768.89746 6353.41943 3.0691 0
1404.09361 6762.98340 6351.61523 3.0672 0
1404.11444 6771.07520 6357.15332 3.0680 0
1404.13527 6769.90332 6355.12158 3.0678 0
1404.15611 6769.02148 6355.26660 3.0676 0
1404.17694 6767.69971 6353.25391 3.0678 0
1404.19778 6765.67041 6350.55127 3.0695 0
1404.21861 6767.61426 6351.56982 3.0671 0
1404.23944 6769.52148 6351.05859 3.0672 0
1404.26028 6762.64893 6345.38916 3.0659 0
1404.28111 6769.95996 6353.65234 3.0673 0
1404.30194 6764.90479 6344.20264 3.0670 0
1404.32278 6766.32520 6346.48438 3.0664 0
1404.34361 6771.63184 6350.87842 3.0674 0
1404.36445 6769.39307 6346.67383 3.0659 0
1404.38528 6766.52490 6344.77051 3.0667 0
1404.40611 6768.97949 6342.77148 3.0668 0
1404.42695 6768.71680 6344.94580 3.0659 0
1404.44778 6769.10156 6340.88867 3.0660 0
1404.46861 6762.69434 6339.26465 3.0660 0
1404.48945 6768.92480 6339.62451 3.0656 0
1404.51028 6772.14795 6344.29346 3.0662 0
1404.53112 6766.91016 6341.63232 3.0663 0
1404.55195 6772.81348 6345.69580 3.0669 0
1404.57278 6770.11377 6342.25439 3.0661 0
1404.59362 6771.33789 6332.91406 3.0641 0
1404.63528 6764.37842 6336.78613 3.0672 0
1404.65612 6762.84033 6328.20654 3.0653 0
1404.67695 6766.43311 6337.37305 3.0656 0
1404.73945 6764.96289 6348.13037 3.0678 0
1404.76029 6774.52881 6357.46289 3.0690 0
1404.78112 6762.97119 6345.74658 3.0676 0
1404.80196 6768.97461 6353.86719 3.0690 0
1404.82279 6769.35742 6351.08740 3.0693 0
1404.84362 6767.56787 6349.99805 3.0684 0
1404.86446 6765.73389 6349.45068 3.0682 0
1404.88529 6769.32373 6350.48877 3.0684 0
1404.90612 6765.10254 6348.71484 3.0682 0
1404.92696 6765.00000 6345.73096 3.0670 0
1404.94779 6764.84131 6348.87988 3.0685 0
1404.96863 6771.04004 6351.53271 3.0686 0
1404.98946 6766.01709 6348.16016 3.0679 0
1405.01029 6764.71777 6346.16162 3.0694 0
1405.03113 6767.69629 6348.61621 3.0686 0
1405.05196 6763.93994 6345.71680 3.0677 0
1405.07279 6758.30322 6339.49658 3.0679 0
1405.09363 6770.84668 6351.09277 3.0688 0
1405.11446 6762.45459 6342.32520 3.0672 0
1405.13530 6763.74707 6342.52393 3.0672 0
1405.15613 6769.90234 6349.21240 3.0681 0
1405.17696 6767.88525 6346.84570 3.0675 0
1405.19780 6766.19238 6345.97070 3.0683 0
1405.21863 6766.60010 6345.43213 3.0672 0
1405.23946 6768.23389 6348.21143 3.0679 0
1405.26030 6769.86865 6347.63477 3.0670 0
1405.28113 6766.64844 6346.04639 3.0681 0
1405.30197 6769.12891 6347.11279 3.0673 0
1405.32280 6771.42480 6349.10400 3.0669 0
1405.34363 6767.81543 6344.74951 3.0663 0
1405.36447 6763.67822 6341.79004 3.0662 0
1405.38530 6766.18213 6345.44385 3.0659 0
1405.40613 6763.29053 6340.32959 3.0660 0
1405.42697 6772.81641 6349.13428 3.0674 0
1405.44780 6760.52002 6337.84521 3.0661 0
1405.46864 6770.37158 6347.79395 3.0682 0
1405.48947 6768.11523 6344.41309 3.0676 0
1405.51030 6768.13281 6345.39209 3.0656 0
1405.53114 6765.39697 6341.59521 3.0663 0
1405.55197 6765.93652 6339.39600 3.0645 0
1405.57280 6768.66797 6342.51563 3.0659 0
1405.59364 6767.06738 6341.10986 3.0652 0
1405.61447 6765.96387 6341.21826 3.0657 0
1405.63531 6768.12158 6342.30713 3.0655 0
1405.65614 6764.67334 6339.49365 3.0649 0
1405.67697 6769.74951 6342.67725 3.0651 0
1405.69781 6768.51270 6341.99854 3.0657 0
1405.71864 6770.39697 6343.66943 3.0666 0
1405.73948 6768.83789 6342.81982 3.0659 0
1405.76031 6762.05225 6336.25635 3.0655 0
1405.78114 6768.66455 6342.08203 3.0653 0
1405.80198 6764.54492 6337.90332 3.0656 0
1405.82281 6769.48535 6338.59766 3.0653 0
1405.84364 6768.50879 6336.51172 3.0650 0
1405.86448 6765.30176 6335.55566 3.0647 0
1405.88531 6764.71436 6335.64697 3.0654 0
1405.90615 6768.58301 6339.25488 3.0663 0
1405.92698 6771.33496 6340.17676 3.0656 0
1405.94781 6760.07666 6332.42432 3.0644 0
1405.96865 6761.04590 6329.21240 3.0634 0
1405.98948 6771.09766 6340.43408 3.0651 0
1406.01031 6771.83789 6336.36035 3.0652 0
1406.03115 6767.44043 6336.62891 3.0655 0
1406.05198 6762.85938 6327.94824 3.0636 0
1406.07282 6769.35205 6332.14355 3.0641 0
1406.09365 6764.71094 6331.69775 3.0635 0
1406.11448 6771.76221 6332.27490 3.0634 0
1406.13532 6764.35840 6328.73926 3.0631 0
1406.15615 6767.66846 6332.15967 3.0635 0
1406.17698 6771.38184 6334.99658 3.0640 0
1406.19782 6767.51807 6329.54102 3.0637 0