0.0200,0.141903
0.0300,0.700511
0.0400,1.259119
0.0500,1.817727
0.0600,2.376334
0.0700,2.934942
0.0800,3.493550
0.0900,4.052158
0.1000,4.610765
0.1100,4.629844
0.1200,4.648116
0.1300,4.666119
0.1400,4.684392
0.1500,4.703470
0.1600,4.723892
0.1700,4.746195
0.1800,4.770869
0.1900,4.797322
0.2000,4.823880
0.2100,4.848821
0.2200,4.870424
0.2300,4.887024
0.2400,4.898287
0.2500,4.905206
0.2600,4.908834
0.2700,4.910001
0.2800,4.910002
0.2900,4.910003
0.3000,4.910004
0.3100,4.910389
0.3200,4.911824
0.3300,4.914771
0.3400,4.919224
0.3500,4.924700
0.3600,4.930694
0.3700,4.936701
0.3800,4.942230
0.3900,4.947018
0.4000,4.951038
0.4100,4.954272
0.4200,4.956702
0.4300,4.958320
0.4400,4.959349
0.4500,4.960238
0.4600,4.961449
0.4700,4.963441
0.4800,4.966657
0.4900,4.971084
0.5000,4.976258
0.5100,4.981695
0.5200,4.986912
0.5300,4.991441
0.5400,4.995196
0.5500,4.998468
0.5600,5.001569
0.5700,5.004806
0.5800,5.008482
0.5900,5.012707
0.6000,5.017401
0.6100,5.022476
0.6200,5.027844
0.6300,5.033415
0.6400,5.039051
0.6500,5.044564
0.6600,5.049768
0.6700,5.054473
0.6800,5.058499
0.6900,5.061825
0.7000,5.064595
0.7100,5.066956
0.7200,5.069058
0.7300,5.071049
0.7400,5.073043
0.7500,5.075122
0.7600,5.077368
0.7700,5.079860
0.7800,5.082670
0.7900,5.085678
0.8000,5.088567
0.8100,5.089701
0.8200,5.089702
0.8300,5.089703
0.8400,5.089704
0.8500,5.089705
0.8600,5.089706
0.8700,5.089707
0.8800,5.089708
0.8900,5.090444
0.9000,5.092094
0.9100,5.094635
0.9200,5.098049
0.9300,5.102309
0.9400,5.107114
0.9500,5.111892
0.9600,5.113989
0.9700,5.113990
0.9800,5.113991
0.9900,5.113992
1.0000,5.113993
1.0100,5.113994
1.0200,5.113995
1.0300,5.113996
1.0400,5.114423
1.0500,5.115714
1.0600,5.117569
1.0700,5.119695
1.0800,5.121809
1.0900,5.123852
1.1000,5.125993
1.1100,5.128409
1.1200,5.131278
1.1300,5.134767
1.1400,5.138859
1.1500,5.143346
1.1600,5.148012
1.1700,5.152643
