0.0300,0.270698
0.0400,0.922639
0.0500,1.574579
0.0600,2.226519
0.0700,2.878459
0.0800,3.530400
0.0900,4.182340
0.1000,4.834280
0.1100,4.867490
0.1200,4.897658
0.1300,4.926814
0.1400,4.956982
0.1500,4.990192
0.1600,5.028469
0.1700,5.073841
0.1800,5.128220
0.1900,5.190872
0.2000,5.258420
0.2100,5.327371
0.2200,5.394230
0.2300,5.455619
0.2400,5.510768
0.2500,5.561521
0.2600,5.609832
0.2700,5.657658
0.2800,5.706868
0.2900,5.757330
0.3000,5.806915
0.3100,5.853402
0.3200,5.894575
0.3300,5.928282
0.3400,5.953927
0.3500,5.972463
0.3600,5.984915
0.3700,5.992306
0.3800,5.995678
0.3900,5.996564
0.4000,5.996980
0.4100,5.998966
0.4200,6.004559
0.4300,6.015724
0.4400,6.032671
0.4500,6.053863
0.4600,6.077686
0.4700,6.102525
0.4800,6.126803
0.4900,6.149774
0.5000,6.171528
0.5100,6.192190
0.5200,6.211885
0.5300,6.230738
0.5400,6.248900
0.5500,6.266547
0.5600,6.283853
0.5700,6.300994
0.5800,6.318134
0.5900,6.335128
0.6000,6.351527
0.6100,6.366867
0.6200,6.380686
0.6300,6.392539
0.6400,6.402392
0.6500,6.410623
0.6600,6.417628
0.6700,6.423804
0.6800,6.429538
0.6900,6.435051
0.7000,6.440393
0.7100,6.445607
0.7200,6.450736
0.7300,6.455821
0.7400,6.460854
0.7500,6.465779
0.7600,6.470535
0.7700,6.475063
0.7800,6.479313
0.7900,6.483420
0.8000,6.487706
0.8100,6.492501
0.8200,6.498136
0.8300,6.504929
0.8400,6.512884
0.8500,6.521694
0.8600,6.531039
0.8700,6.540600
0.8800,6.550055
0.8900,6.559086
0.9000,6.567371
0.9100,6.574591
0.9200,6.580426
0.9300,6.584578
0.9400,6.587281
0.9500,6.589297
0.9600,6.591412
0.9700,6.594410
0.9800,6.599055
0.9900,6.605609
1.0000,6.613831
1.0100,6.623459
1.0200,6.634230
1.0300,6.645875
1.0400,6.657966
1.0500,6.669916
1.0600,6.681130
1.0700,6.691015
1.0800,6.698994
1.0900,6.701007
1.1000,6.701008
1.1100,6.701009
1.1200,6.701010
1.1300,6.701011
1.1400,6.701012
1.1500,6.701013
1.1600,6.701014
1.1700,6.701015
