0.0300,0.258757
0.0400,0.881939
0.0500,1.505121
0.0600,2.128304
0.0700,2.751486
0.0800,3.374668
0.0900,3.997850
0.1000,4.621032
0.1100,4.650946
0.1200,4.678931
0.1300,4.706272
0.1400,4.734257
0.1500,4.764171
0.1600,4.797302
0.1700,4.834935
0.1800,4.878319
0.1900,4.927834
0.2000,4.982992
0.2100,5.043267
0.2200,5.108132
0.2300,5.177091
0.2400,5.250330
0.2500,5.328715
0.2600,5.413147
0.2700,5.504521
0.2800,5.603658
0.2900,5.709550
0.3000,5.819369
0.3100,5.930205
0.3200,6.039149
0.3300,6.143343
0.3400,6.241102
0.3500,6.331913
0.3600,6.415313
0.3700,6.490841
0.3800,6.558078
0.3900,6.617624
0.4000,6.671092
0.4100,6.720141
0.4200,6.766429
0.4300,6.811602
0.4400,6.857011
0.4500,6.903715
0.4600,6.952758
0.4700,7.005184
0.4800,7.061992
0.4900,7.123100
0.5000,7.187346
0.5100,7.253521
0.5200,7.320417
0.5300,7.386845
0.5400,7.452072
0.5500,7.515822
0.5600,7.577842
0.5700,7.637874
0.5800,7.695667
0.5900,7.751054
0.6000,7.803952
0.6100,7.854283
0.6200,7.901967
0.6300,7.946945
0.6400,7.989552
0.6500,8.030528
0.6600,8.070626
0.6700,8.110601
0.6800,8.151196
0.6900,8.192886
0.7000,8.235874
0.7100,8.280354
0.7200,8.326519
0.7300,8.374533
0.7400,8.423855
0.7500,8.473248
0.7600,8.521441
0.7700,8.567164
0.7800,8.609180
0.7900,8.647030
0.8000,8.681029
0.8100,8.711529
0.8200,8.738877
0.8300,8.763432
0.8400,8.785701
0.8500,8.806346
0.8600,8.826034
0.8700,8.845435
0.8800,8.865200
0.8900,8.885667
0.9000,8.906849
0.9100,8.928750
0.9200,8.951372
0.9300,8.974704
0.9400,8.998451
0.9500,9.022036
0.9600,9.044866
0.9700,9.066351
0.9800,9.085915
0.9900,9.103337
1.0000,9.118753
1.0100,9.132314
1.0200,9.144170
1.0300,9.154480
1.0400,9.163574
1.0500,9.171958
1.0600,9.180141
1.0700,9.188635
1.0800,9.197926
1.0900,9.207898
1.1000,9.217833
1.1100,9.226987
1.1200,9.234617
1.1300,9.240010
1.1400,9.243192
1.1500,9.244921
1.1600,9.245991
1.1700,9.247193
