0.1110,2.067000
0.1980,3.110000
0.2920,5.327000
0.3860,6.542000
0.4820,6.901000
0.5770,7.238000
0.6720,7.238001
0.7680,7.609000
0.8630,7.702000
0.9600,7.757000
1.0550,7.874000
1.1510,8.066000
1.2460,8.131000
1.3420,8.131001
1.4380,8.217000
1.5340,8.260000
1.6300,8.270000
1.7260,8.270001
1.8210,8.302000
1.9170,8.302001
2.0130,8.302002
2.1090,8.302003
2.2050,8.302004
2.3000,8.302005
2.3960,8.302006
2.4920,8.302007
2.5880,8.302008
2.6840,8.302009
2.7800,8.302010
2.8750,8.302011
2.9710,8.302012
3.0670,8.302013
3.1630,8.302014
3.2580,8.302015
3.3550,8.302016
3.4500,8.302017
3.5460,8.302018
3.6420,8.302019
3.7380,8.302020
3.8330,8.302021
3.9290,8.302022
4.0250,8.302023
4.1210,8.302024
4.2170,8.302025
4.3120,8.302026
4.4080,8.302027
4.5040,8.302028
4.6000,8.302029
4.6960,8.302030
4.7920,8.302031
4.8880,8.302032
4.9830,8.302033
5.0790,8.302034
5.1750,8.302035
5.2700,8.302036
5.3670,8.302037
5.4620,8.302038
5.5580,8.302039
5.6540,8.302040
5.7500,8.302041
5.8460,8.302042
5.9410,8.302043
6.0370,8.302044
6.1330,8.302045
6.2290,8.302046
6.3250,8.302047
6.4210,8.302048
6.5170,8.302049
6.6120,8.302050
6.7080,8.302051
6.8040,8.302052
6.9000,8.302053
6.9960,8.302054
7.0910,8.302055
7.1880,8.302056
7.2830,8.302057
7.3790,8.302058
7.4740,8.302059
7.5710,8.302060
7.6660,8.302061
7.7620,8.302062
7.8580,8.302063
7.9540,8.302064
8.0500,8.302065
8.1450,8.302066
8.2410,8.302067
8.3370,8.302068
8.4330,8.302069
8.5290,8.302070
8.6240,8.302071
8.7200,8.302072
8.8160,8.302073
8.9120,8.302074
9.0080,8.302075
9.1040,8.302076
9.2000,8.302077
9.2950,8.302078
9.3910,8.302079
9.4870,8.302080
9.5830,8.302081
9.6790,8.302082
9.7740,8.302083
9.8700,8.320000
