0.0200,0.133790
0.0300,0.660461
0.0400,1.187131
0.0500,1.713802
0.0600,2.240472
0.0700,2.767143
0.0800,3.293813
0.0900,3.820484
0.1000,4.347154
0.1100,4.398826
0.1200,4.450953
0.1300,4.503231
0.1400,4.555358
0.1500,4.607029
0.1600,4.657943
0.1700,4.707796
0.1800,4.756248
0.1900,4.802118
0.2000,4.843383
0.2100,4.877986
0.2200,4.903867
0.2300,4.919098
0.2400,4.923932
0.2500,4.923933
0.2600,4.923934
0.2700,4.925891
0.2800,4.934988
0.2900,4.953363
0.3000,4.981157
0.3100,5.018425
0.3200,5.065219
0.3300,5.121567
0.3400,5.186872
0.3500,5.259915
0.3600,5.339450
0.3700,5.424231
0.3800,5.512957
0.3900,5.603058
0.4000,5.690698
0.4100,5.771984
0.4200,5.843024
0.4300,5.900043
0.4400,5.941954
0.4500,5.945337
0.4600,5.945338
0.4700,5.945339
0.4800,5.945340
0.4900,5.945341
0.5000,5.945342
0.5100,5.945343
0.5200,5.945344
0.5300,5.945345
0.5400,5.946201
0.5500,5.953386
0.5600,5.967035
0.5700,5.987288
0.5800,6.014261
0.5900,6.047493
0.6000,6.085947
0.6100,6.128557
0.6200,6.174263
0.6300,6.222005
0.6400,6.270884
0.6500,6.320151
0.6600,6.369067
0.6700,6.416891
0.6800,6.462895
0.6900,6.506652
0.7000,6.548038
0.7100,6.586937
0.7200,6.623238
0.7300,6.656834
0.7400,6.687791
0.7500,6.716344
0.7600,6.742739
0.7700,6.767217
0.7800,6.790026
0.7900,6.811483
0.8000,6.831971
0.8100,6.851879
0.8200,6.871596
0.8300,6.891498
0.8400,6.911711
0.8500,6.932108
0.8600,6.952553
0.8700,6.972908
0.8800,6.993028
0.8900,7.012588
0.9000,7.031079
0.9100,7.047986
0.9200,7.062796
0.9300,7.075012
0.9400,7.084559
0.9500,7.091784
0.9600,7.097054
0.9700,7.100734
0.9800,7.103192
0.9900,7.104828
1.0000,7.106073
1.0100,7.107360
1.0200,7.109122
1.0300,7.111773
1.0400,7.115295
1.0500,7.119236
1.0600,7.123126
1.0700,7.126495
1.0800,7.128892
1.0900,7.130302
1.1000,7.131153
1.1100,7.131888
1.1200,7.132950
1.1300,7.134770
1.1400,7.137419
1.1500,7.140615
1.1600,7.144060
1.1700,7.147455
